[Debug]
Pos=1038,44
Size=400,400
Collapsed=0
FontGlobalScale=1.000000

[Shader Compile Errors]
Pos=184,4
Size=165,596
Collapsed=0
FontGlobalScale=1.000000

