[Debug]
Pos=120,72
Size=400,400
Collapsed=0
FontGlobalScale=1.000000

[Shader Compile Errors]
Pos=60,60
Size=165,504
Collapsed=0
FontGlobalScale=1.000000

