[Debug]
Pos=-91,462
Size=374,529
Collapsed=0
FontGlobalScale=1.000000

[Shader Compile Errors]
Pos=60,60
Size=165,504
Collapsed=0
FontGlobalScale=1.000000

