[Debug]
Pos=60,60
Size=400,400
Collapsed=0
FontGlobalScale=1.000000

[Settings]
Pos=450,147
Size=261,271
Collapsed=0
FontGlobalScale=1.000000

