[Debug]
Pos=60,60
Size=400,400
Collapsed=0
FontGlobalScale=1.000000

[Settings]
Pos=425,251
Size=468,485
Collapsed=0
FontGlobalScale=1.000000

