[Debug]
Pos=60,60
Size=400,400
Collapsed=0
FontGlobalScale=1.000000

[Settings]
Pos=1013,67
Size=317,394
Collapsed=0
FontGlobalScale=1.000000

