[Debug]
Pos=60,60
Size=400,400
Collapsed=0
FontGlobalScale=1.000000

[Settings]
Pos=-1,109
Size=305,458
Collapsed=0
FontGlobalScale=1.000000

