[Debug]
Pos=60,60
Size=400,400
Collapsed=0
FontGlobalScale=1.000000

[Settings]
Pos=13,177
Size=316,605
Collapsed=0
FontGlobalScale=1.000000

