[Debug]
Pos=60,60
Size=400,400
Collapsed=0
FontGlobalScale=1.000000

[Settings]
Pos=43,22
Size=253,518
Collapsed=0
FontGlobalScale=1.000000

