[Debug]
Pos=60,60
Size=400,400
Collapsed=0
FontGlobalScale=1.000000

[Settings]
Pos=730,188
Size=316,605
Collapsed=0
FontGlobalScale=1.000000

