[Debug]
Pos=60,60
Size=400,400
Collapsed=0
FontGlobalScale=1.000000

[Settings]
Pos=481,37
Size=209,340
Collapsed=0
FontGlobalScale=1.000000

